00000000000000000000000000000000
00000000000000000000000000000000
00000010000000100000001000000010
00000000000000000000000000000000
00000100000001000000010000000100
00000000000000000000000000000000
00000000000000000000000000000000
00000000000000000000000000000000
00001000000010000000100000001000
00001001000010010000100100001001
00001010000010100000101000001010
00001011000010110000101100001011
00001100000011000000110000001100
00001101000011010000110100001101
00001110000011100000111000001110
00001111000011110000111100001111
00010000000100000001000000010000
00010001000100010001000100010001
00010010000100100001001000010010
00010011000100110001001100010011
00010100000101000001010000010100
00010101000101010001010100010101
00010110000101100001011000010110
00010111000101110001011100010111
00011000000110000001100000011000
00011001000110010001100100011001
00000000000000000000000000000000
00000000000000000000000000000000
00000000000000000000000000000000
00000000000000000000000000000000
00000000000000000000000000000000
00000000000000000000000000000000